2700.000000 452.000000 0.000000 1500.000000 900.000000 1 1 Background 0 0 750.000000 450.000000 
-300.000000 452.000000 0.000000 1500.000000 900.000000 1 1 Background 0 0 750.000000 450.000000 
1200.000000 452.000000 0.000000 1500.000000 900.000000 1 1 Background 0 0 750.000000 450.000000 
160.000000 740.000000 90.000000 39.000000 157.000000 3 1 LauncherStand 1 1 37.000000 9.000000 1 Launcher 1 0 20.000000 130.000000 7 3 
750.000000 1100.000000 0.000000 5000.000000 607.000000 2 3 1.000000 0 1 GroundSprite 0 0 2500.000000 307.000000 
150.000000 1850.000000 55.000000 5000.000000 607.000000 2 3 1.000000 0 1 GroundSprite 0 0 2500.000000 307.000000 
1700.000000 1900.000000 305.000000 5000.000000 607.000000 2 3 1.000000 0 1 GroundSprite 0 0 2500.000000 307.000000 
1475.000000 775.000000 0.000000 150.000000 50.000000 2 3 1.500000 0 1 BoxPlaceholder 0 0 50.000000 25.000000 
1625.000000 775.000000 0.000000 150.000000 50.000000 2 3 1.500000 0 1 BoxPlaceholder 0 0 50.000000 25.000000 
1550.000000 540.000000 0.000000 40.000000 40.000000 4 1 PigPlaceholder 0 0 50.000000 50.000000 2 1.000000 2 6 25.000000 8 1000 
1550.000000 730.000000 0.000000 40.000000 40.000000 4 1 PigPlaceholder 0 0 50.000000 50.000000 2 1.000000 2 6 25.000000 8 1000 
1550.000000 390.000000 0.000000 20.000000 40.000000 3 3 1.000000 2 1 BoxPlaceholder 0 0 50.000000 25.000000 6 100.000000 
1415.000000 730.000000 0.000000 20.000000 40.000000 3 3 1.500000 2 1 BoxPlaceholder 0 0 50.000000 25.000000 6 250.000000 
1550.000000 570.000000 0.000000 40.000000 20.000000 3 3 1.500000 2 1 BoxPlaceholder 0 0 50.000000 25.000000 6 250.000000 
1550.000000 590.000000 0.000000 160.000000 20.000000 3 3 1.500000 2 1 BoxPlaceholder 0 0 50.000000 25.000000 6 250.000000 
1550.000000 420.000000 0.000000 120.000000 20.000000 3 3 1.500000 2 1 BoxPlaceholder 0 0 50.000000 25.000000 6 250.000000 
1500.000000 505.000000 0.000000 20.000000 150.000000 3 3 1.500000 2 1 BoxPlaceholder 0 0 50.000000 25.000000 6 250.000000 
1685.000000 730.000000 0.000000 20.000000 40.000000 3 3 1.500000 2 1 BoxPlaceholder 0 0 50.000000 25.000000 6 250.000000 
1600.000000 505.000000 0.000000 20.000000 150.000000 3 3 1.500000 2 1 BoxPlaceholder 0 0 50.000000 25.000000 6 250.000000 
1480.000000 675.000000 0.000000 20.000000 150.000000 3 3 1.500000 2 1 BoxPlaceholder 0 0 50.000000 25.000000 6 250.000000 
1620.000000 675.000000 0.000000 20.000000 150.000000 3 3 1.500000 2 1 BoxPlaceholder 0 0 50.000000 25.000000 6 250.000000 
