0.000000 875.000000 0.000000 5000.000000 100.000000 2 3 1.000000 0 1 BoxPlaceholder 
0.000000 875.000000 0.000000 100.000000 1500.000000 2 3 1.000000 0 1 BoxPlaceholder 
1500.000000 875.000000 0.000000 100.000000 1500.000000 2 3 1.000000 0 1 BoxPlaceholder 
857.000000 569.500000 0.000000 25.000000 75.000000 2 3 1.000000 2 1 BoxPlaceholder 
778.000000 491.500000 0.000000 50.000000 75.000000 2 3 1.000000 2 1 BoxPlaceholder 
1035.000000 345.000000 0.000000 50.000000 75.000000 2 3 1.000000 2 1 BoxPlaceholder 
417.000000 353.500000 0.000000 50.000000 75.000000 2 3 1.000000 2 1 BoxPlaceholder 
854.000000 408.500000 0.000000 50.000000 75.000000 2 3 1.000000 2 1 BoxPlaceholder 
926.000000 198.500000 0.000000 50.000000 75.000000 2 3 1.000000 2 1 BoxPlaceholder 
787.000000 410.500000 0.000000 50.000000 75.000000 2 3 1.000000 2 1 BoxPlaceholder 
853.000000 490.500000 0.000000 50.000000 75.000000 2 3 1.000000 2 1 BoxPlaceholder 
167.000000 298.500000 0.000000 50.000000 75.000000 2 3 1.000000 2 1 BoxPlaceholder 
624.000000 367.000000 0.000000 50.000000 75.000000 2 3 1.000000 2 1 BoxPlaceholder 
