750.000000 444.000000 0.000000 1500.000000 900.000000 1 1 Background 0 0 750.000000 450.000000 
750.000000 924.000000 0.000000 5000.000000 100.000000 2 3 1.000000 0 1 BoxPlaceholder 0 0 50.000000 25.000000 
-50.000000 750.000000 0.000000 100.000000 1500.000000 2 3 1.000000 0 1 BoxPlaceholder 0 0 50.000000 25.000000 
1550.000000 750.000000 0.000000 100.000000 1500.000000 2 3 1.000000 0 1 BoxPlaceholder 0 0 50.000000 25.000000 
975.000000 768.000000 0.000000 50.000000 75.000000 3 3 1.000000 2 1 BoxPlaceholder 0 0 50.000000 25.000000 6 100.000000 
1075.000000 696.000000 0.000000 50.000000 75.000000 3 3 1.000000 2 1 BoxPlaceholder 0 0 50.000000 25.000000 6 100.000000 
1175.000000 624.000000 0.000000 50.000000 75.000000 3 3 1.000000 2 1 BoxPlaceholder 0 0 50.000000 25.000000 6 100.000000 
1075.000000 840.000000 0.000000 25.000000 75.000000 3 3 1.000000 2 1 BoxPlaceholder 0 0 50.000000 25.000000 6 100.000000 
1075.000000 768.000000 0.000000 25.000000 75.000000 3 3 1.000000 2 1 BoxPlaceholder 0 0 50.000000 25.000000 6 100.000000 
1175.000000 840.000000 0.000000 25.000000 75.000000 3 3 1.000000 2 1 BoxPlaceholder 0 0 50.000000 25.000000 6 100.000000 
1175.000000 768.000000 0.000000 25.000000 75.000000 3 3 1.000000 2 1 BoxPlaceholder 0 0 50.000000 25.000000 6 100.000000 
1175.000000 696.000000 0.000000 25.000000 75.000000 3 3 1.000000 2 1 BoxPlaceholder 0 0 50.000000 25.000000 6 100.000000 
975.000000 696.000000 0.000000 25.000000 75.000000 4 3 1.000000 2 1 WinConItemBox 0 0 50.000000 25.000000 6 100.000000 8 1000 
975.000000 624.000000 0.000000 25.000000 75.000000 4 3 1.000000 2 1 WinConItemBox 0 0 50.000000 25.000000 6 100.000000 8 1000 
975.000000 840.000000 0.000000 25.000000 75.000000 4 3 1.000000 2 1 WinConItemBox 0 0 50.000000 25.000000 6 100.000000 8 1000 
