2700.000000 450.000000 0.000000 1500.000000 900.000000 1 1 Background 0 0 750.000000 450.000000 
-300.000000 450.000000 0.000000 1500.000000 900.000000 1 1 Background 0 0 750.000000 450.000000 
1200.000000 450.000000 0.000000 1500.000000 900.000000 1 1 Background 0 0 750.000000 450.000000 
160.000000 740.000000 90.000000 39.000000 157.000000 3 1 LauncherStand 1 1 37.000000 9.000000 1 Launcher 1 0 20.000000 130.000000 7 3 
150.000000 1850.000000 55.000000 5000.000000 607.000000 2 3 1.000000 0 1 GroundSprite 0 0 2500.000000 307.000000 
750.000000 1100.000000 0.000000 5000.000000 607.000000 2 3 1.000000 0 1 GroundSprite 0 0 2500.000000 307.000000 
2300.000000 1100.000000 305.000000 5000.000000 607.000000 2 3 1.000000 0 1 GroundSprite 0 0 2500.000000 307.000000 
1600.000000 0.000000 0.000000 20.000000 20.000000 1 9 
1660.000000 780.000000 0.000000 50.000000 40.000000 3 3 1.500000 2 1 BoxSprite 0 0 25.000000 25.000000 6 100.000000 
1635.000000 340.000000 0.000000 100.000000 40.000000 3 3 1.500000 2 1 BoxSprite 0 0 25.000000 25.000000 6 100.000000 
1250.000000 785.000000 0.000000 20.000000 30.000000 2 3 1.500000 0 1 BoxSprite 0 0 25.000000 25.000000 
1695.000000 415.000000 0.000000 50.000000 50.000000 4 1 Enemy 0 0 50.000000 50.000000 2 1.000000 2 6 5.000000 8 1000 
1610.000000 410.000000 0.000000 20.000000 100.000000 3 3 1.500000 2 1 BoxSprite 0 0 25.000000 25.000000 6 250.000000 
1635.000000 210.000000 0.000000 80.000000 20.000000 3 3 1.500000 2 1 BoxSprite 0 0 25.000000 25.000000 6 250.000000 
1660.000000 410.000000 0.000000 20.000000 100.000000 3 3 1.500000 2 1 BoxSprite 0 0 25.000000 25.000000 6 250.000000 
1665.000000 710.000000 0.000000 60.000000 100.000000 3 3 3.000000 2 1 RockSprite 0 0 25.000000 25.000000 6 400.000000 
1635.000000 615.000000 0.000000 50.000000 50.000000 4 1 Enemy 0 0 50.000000 50.000000 2 1.000000 2 6 25.000000 8 1000 
1680.000000 610.000000 0.000000 40.000000 100.000000 3 3 1.500000 2 1 BoxSprite 0 0 25.000000 25.000000 6 200.000000 
1635.000000 510.000000 0.000000 60.000000 100.000000 3 3 3.000000 2 1 RockSprite 0 0 25.000000 25.000000 6 400.000000 
1605.000000 710.000000 0.000000 60.000000 100.000000 3 3 3.000000 2 1 RockSprite 0 0 25.000000 25.000000 6 400.000000 
1580.000000 270.000000 0.000000 60.000000 100.000000 3 3 3.000000 2 1 RockSprite 0 0 25.000000 25.000000 6 400.000000 
1635.000000 650.000000 0.000000 40.000000 20.000000 3 3 1.500000 2 1 BoxSprite 0 0 25.000000 25.000000 6 250.000000 
1635.000000 150.000000 0.000000 60.000000 100.000000 3 3 3.000000 2 1 RockSprite 0 0 25.000000 25.000000 6 400.000000 
1635.000000 275.000000 0.000000 50.000000 50.000000 4 1 Enemy 0 0 50.000000 50.000000 2 1.000000 2 6 5.000000 8 1000 
1575.000000 415.000000 0.000000 50.000000 50.000000 4 1 Enemy 0 0 50.000000 50.000000 2 1.000000 2 6 5.000000 8 1000 
1610.000000 780.000000 0.000000 50.000000 40.000000 3 3 1.500000 2 1 BoxSprite 0 0 25.000000 25.000000 6 100.000000 
1565.000000 450.000000 0.000000 40.000000 20.000000 3 3 1.500000 2 1 BoxSprite 0 0 25.000000 25.000000 6 250.000000 
1695.000000 510.000000 0.000000 60.000000 100.000000 3 3 3.000000 2 1 RockSprite 0 0 25.000000 25.000000 6 400.000000 
1575.000000 510.000000 0.000000 60.000000 100.000000 3 3 3.000000 2 1 RockSprite 0 0 25.000000 25.000000 6 400.000000 
1690.000000 270.000000 0.000000 60.000000 100.000000 3 3 3.000000 2 1 RockSprite 0 0 25.000000 25.000000 6 400.000000 
1635.000000 310.000000 0.000000 40.000000 20.000000 3 3 1.500000 2 1 BoxSprite 0 0 25.000000 25.000000 6 250.000000 
1705.000000 450.000000 0.000000 40.000000 20.000000 3 3 1.500000 2 1 BoxSprite 0 0 25.000000 25.000000 6 250.000000 
1590.000000 610.000000 0.000000 40.000000 100.000000 3 3 1.500000 2 1 BoxSprite 0 0 25.000000 25.000000 6 200.000000 
