750.000000 -465.000000 0.000000 1500.000000 900.000000 1 1 Background 0 0 750.000000 450.000000 
160.000000 740.000000 90.000000 39.000000 157.000000 3 1 LauncherStand 1 1 37.000000 9.000000 1 Launcher 1 0 20.000000 130.000000 7 2 
750.000000 850.000000 0.000000 1500.000000 100.000000 2 3 1.000000 0 1 BoxPlaceholder 0 0 50.000000 25.000000 
-50.000000 750.000000 0.000000 100.000000 1500.000000 2 3 1.000000 0 1 BoxPlaceholder 0 0 50.000000 25.000000 
1550.000000 750.000000 0.000000 100.000000 1500.000000 2 3 1.000000 0 1 BoxPlaceholder 0 0 50.000000 25.000000 
980.000000 690.000000 0.000000 50.000000 75.000000 3 3 1.000000 2 1 BoxPlaceholder 0 0 50.000000 25.000000 6 100.000000 
900.000000 760.000000 0.000000 50.000000 75.000000 3 3 1.000000 2 1 BoxPlaceholder 0 0 50.000000 25.000000 6 100.000000 
1060.000000 490.000000 0.000000 50.000000 50.000000 4 1 PigPlaceholder 0 0 50.000000 50.000000 2 1.000000 2 6 50.000000 8 1000 
805.000000 695.000000 0.000000 50.000000 50.000000 4 1 PigPlaceholder 0 0 50.000000 50.000000 2 1.000000 2 6 50.000000 8 1000 
805.000000 760.000000 0.000000 25.000000 75.000000 3 3 1.000000 2 1 BoxPlaceholder 0 0 50.000000 25.000000 6 100.000000 
595.000000 480.000000 0.000000 50.000000 50.000000 4 1 PigPlaceholder 0 0 50.000000 50.000000 2 1.000000 2 6 50.000000 8 1000 
980.000000 560.000000 0.000000 50.000000 50.000000 4 1 PigPlaceholder 0 0 50.000000 50.000000 2 1.000000 2 6 50.000000 8 1000 
980.000000 760.000000 0.000000 50.000000 75.000000 3 3 1.000000 2 1 BoxPlaceholder 0 0 50.000000 25.000000 6 100.000000 
1060.000000 760.000000 0.000000 50.000000 75.000000 3 3 1.000000 2 1 BoxPlaceholder 0 0 50.000000 25.000000 6 100.000000 
1060.000000 690.000000 0.000000 50.000000 75.000000 3 3 1.000000 2 1 BoxPlaceholder 0 0 50.000000 25.000000 6 100.000000 
1060.000000 620.000000 0.000000 50.000000 75.000000 3 3 1.000000 2 1 BoxPlaceholder 0 0 50.000000 25.000000 6 100.000000 
980.000000 620.000000 0.000000 25.000000 75.000000 3 3 1.000000 2 1 BoxPlaceholder 0 0 50.000000 25.000000 6 100.000000 
900.000000 685.000000 0.000000 25.000000 75.000000 3 3 1.000000 2 1 BoxPlaceholder 0 0 50.000000 25.000000 6 100.000000 
1060.000000 550.000000 0.000000 25.000000 75.000000 3 3 1.000000 2 1 BoxPlaceholder 0 0 50.000000 25.000000 6 100.000000 
900.000000 620.000000 0.000000 50.000000 50.000000 4 1 PigPlaceholder 0 0 50.000000 50.000000 2 1.000000 2 6 50.000000 8 1000 
